6 0
10 6
12 10
18 12
22 18
28 22
32 28
42 32
46 42
58 46
64 58
72 64
80 72
96 80
102 96
120 102
128 120
140 128
150 140
172 150
180 172
200 180
212 200
230 212
242 230
270 242
278 270
308 278
324 308
344 324
360 344
384 360
396 384
432 396
450 432
474 450
490 474
530 490
542 530
584 542
604 584
628 604
650 628
696 650
712 696
754 712
774 754
806 774
830 806
882 830
900 882
940 900
964 940
1000 964
1028 1000
1086 1028
1102 1086
1162 1102
1192 1162
1228 1192
1260 1228
1308 1260
1328 1308
1394 1328
1426 1394
1470 1426
1494 1470
1564 1494
1588 1564
1660 1588
1696 1660
1736 1696
1772 1736
1832 1772
1856 1832
1934 1856
1966 1934
2020 1966
2060 2020
2142 2060
2166 2142
2230 2166
2272 2230
2328 2272
2368 2328
2456 2368
2480 2456
2552 2480
2596 2552
2656 2596
2702 2656
2774 2702
2806 2774
2902 2806
2944 2902
3004 2944
3044 3004
